54
68
7 54 2002 3
7 94 2003 10
9 82 2001 11
9 20 2001 6
7 54 2007 5
7 54 2004 2
8 99 2008 3
8 54 2005 5
9 54 2010 10
9 23 2001 5
7 72 2005 5
8 54 2009 9
7 54 2004 7
7 34 2007 7
8 66 2009 10
7 75 2010 10
9 54 2006 5
8 54 2004 12
8 39 2003 11
7 54 2001 11
9 78 2010 5
7 47 2003 12
8 54 2007 6
9 43 2006 6
7 54 2008 8
7 54 2004 6
9 94 2009 1
9 15 2010 2
9 54 2009 12
7 54 2010 8
9 54 2001 10
9 56 2006 4
8 54 2000 10
7 12 2006 8
8 91 2007 3
7 77 2003 3
7 80 2004 3
7 98 2006 6
8 93 2003 3
8 60 2003 9
8 54 2000 9
8 54 2007 8
9 97 2009 5
9 54 2007 9
9 30 2000 4
7 54 2006 9
9 89 2007 8
7 47 2004 7
7 64 2008 10
9 54 2003 3
8 63 2007 6
9 54 2009 8
8 37 2004 1
8 56 2010 3
8 49 2008 7
7 54 2003 12
9 17 2007 9
7 90 2010 12
9 54 2000 4
7 58 2002 4
8 19 2007 4
9 54 2000 4
9 93 2009 12
7 54 2001 12
9 66 2000 4
9 38 2000 7
8 54 2008 12
7 54 2007 4